#(onij=0)col0(oc=0)[msb-lsb],(onij=0)col1(oc=1)[msb-lst],....,(onij=0)col7(oc=7)[msb-lst]#
#(onij=1)col0(oc=0)[msb-lsb],(onij=1)col1(oc=1)[msb-lst],....,(onij=1)col7(oc=7)[msb-lst]#
#................#
0000000011100000 0000000000111000 0000000011010010 1111111111001000 0000000010101000 1111111101100110 1111111111110010 0000000001100010 
0000000001110000 1111111101001010 1111111100000100 1111111111001000 0000000010011010 1111111101011000 0000000000001110 0000000000111000 
1111111111011101 1111111011111101 1111111001000111 1111111111111001 0000000000100011 1111111011101111 1111111100110101 0000000011011001 
0000000001000110 1111111101110100 1111111001001110 0000000010011010 1111111011011010 1111111001101010 1111111001111000 1111111100101110 
0000000110110010 0000000110100100 0000000000000000 1111111100000100 1111111111010110 0000000000101010 1111111011101000 0000001000111110 
0000000011110101 0000000001101001 1111110101001011 1111111101101101 1111111001000111 1111111101000011 1111111101111011 0000001010011001 
1111111111100100 1111111110000010 1111110010111000 0000000011100000 1111110111010000 1111111110000010 1111111011110110 0000001000111110 
1111111111110010 0000000000011100 1111110001100100 0000001000110000 1111110111111010 1111110111010000 1111111010010100 1111111110000010 
0000001010100111 0000000101010111 1111111101000011 1111111100110101 1111111101010001 0000000100000011 1111110100010011 0000001011000011 
0000000111111000 1111111101110100 1111110010001110 1111111111010110 1111110011000110 0000000000001110 1111110010011100 0000001010111100 
0000000100010001 1111111001100011 1111110000010111 0000000110111001 1111110001011101 1111111111001111 1111110010000111 0000001010100111 
0000000011111100 1111111100010010 1111110000000010 0000001010100000 1111110101100000 1111111001001110 1111110111010000 1111111110111010 
0000000101011110 0000000001100010 1111111110111010 0000000001110000 1111111100111100 0000000010101000 1111110100001100 0000000101101100 
0000000101101100 1111111000110010 1111110101100000 0000000011000100 1111110100110110 0000000001100010 1111110010000000 0000000011100000 
0000000100101101 1111110111100101 1111110011011011 0000000101001001 1111110110010001 1111111111111001 1111101111101101 0000000011011001 
0000000110111001 1111110111100101 1111110010000111 0000000100000011 1111111010011011 1111111001110001 1111110100101111 1111111100011001 
