#
#
#
00000001101100000000000110110000000000011011000000000001101100000000000110110000000000011011000000000001101100000000000110110000
00000001101100000000000110110000000000011011000000000001101100000000000110110000000000011011000000000001101100000000000110110000
00000001101100000000000110110000000000011011000000000001101100000000000110110000000000011011000000000001101100000000000110110000
00000001101100000000000110110000000000011011000000000001101100000000000110110000000000011011000000000001101100000000000110110000
00000001101100000000000110110000000000011011000000000001101100000000000110110000000000011011000000000001101100000000000110110000
00000001101100000000000110110000000000011011000000000001101100000000000110110000000000011011000000000001101100000000000110110000
00000001101100000000000110110000000000011011000000000001101100000000000110110000000000011011000000000001101100000000000110110000
00000001101100000000000110110000000000011011000000000001101100000000000110110000000000011011000000000001101100000000000110110000
00000001101100000000000110110000000000011011000000000001101100000000000110110000000000011011000000000001101100000000000110110000
00000001101100000000000110110000000000011011000000000001101100000000000110110000000000011011000000000001101100000000000110110000
00000001101100000000000110110000000000011011000000000001101100000000000110110000000000011011000000000001101100000000000110110000
00000001101100000000000110110000000000011011000000000001101100000000000110110000000000011011000000000001101100000000000110110000
00000001101100000000000110110000000000011011000000000001101100000000000110110000000000011011000000000001101100000000000110110000
00000001101100000000000110110000000000011011000000000001101100000000000110110000000000011011000000000001101100000000000110110000
00000001101100000000000110110000000000011011000000000001101100000000000110110000000000011011000000000001101100000000000110110000
00000001101100000000000110110000000000011011000000000001101100000000000110110000000000011011000000000001101100000000000110110000